-6.817820481956005096e-03
1.399416625499725342e-01
2.506722211837768555e-01
3.117808103561401367e-01
2.857691235840320587e-02
-8.695810288190841675e-02
-1.209897622466087341e-01
1.206500232219696045e-01
-1.401557028293609619e-01
-1.950905099511146545e-02
6.605737376958131790e-03
-1.371391210705041885e-02
2.182890921831130981e-01
-2.783640101552009583e-02
2.117825299501419067e-01
-5.803853273391723633e-02
8.854885399341583252e-02
1.781559288501739502e-01
-2.046730220317840576e-01
-1.390563994646072388e-01
1.187345385551452637e-01
-2.193791866302490234e-01
2.539011240005493164e-01
1.401714831590652466e-01
1.680146008729934692e-01
2.947882283478975296e-03
1.196133866906166077e-01
9.133595228195190430e-02
-1.047513708472251892e-01
-6.526491791009902954e-02
4.754735529422760010e-02
-1.093269735574722290e-01
8.370884507894515991e-02
5.717854574322700500e-02
-9.279809892177581787e-02
-6.181761249899864197e-02
-3.484826162457466125e-02
3.960668668150901794e-02
2.004047781229019165e-01
-4.459409508854150772e-03
-1.268343776464462280e-01
-1.369833052158355713e-01
-6.921571493148803711e-02
-2.173617631196975708e-01
-1.511180251836776733e-01
-1.657243445515632629e-02
2.466574124991893768e-02
7.696396112442016602e-02
-5.458356812596321106e-02
1.551639586687088013e-01
7.727903872728347778e-02
6.453502923250198364e-02
-1.062507405877113342e-01
-1.488938480615615845e-01
2.070329487323760986e-01
-7.767613232135772705e-02
-1.858255080878734589e-02
3.416753606870770454e-03
-1.087450534105300903e-01
-3.769309073686599731e-02
1.938056498765945435e-01
7.245375774800777435e-03
1.652501523494720459e-01
-7.190855592489242554e-02
-4.303730651736259460e-02
2.898025512695312500e-02
-9.247060865163803101e-02
4.269403591752052307e-02
1.025626584887504578e-01
3.800401836633682251e-02
3.496751561760902405e-02
-8.758654445409774780e-02
1.385388243943452835e-02
6.507970392704010010e-02
-4.721301048994064331e-02
2.280161231756210327e-01
5.149322561919689178e-03
-2.397697046399116516e-02
-6.013220921158790588e-02
1.089628878980875015e-02
1.772270500659942627e-01
1.512216776609420776e-01
-1.057558879256248474e-01
-7.227646559476852417e-02
-3.107945434749126434e-02
8.721576631069183350e-02
2.256594896316528320e-01
-1.199088692665100098e-01
-3.421442955732345581e-02
-1.398130971938371658e-02
1.253233850002288818e-01
-1.058700680732727051e-01
-9.673557430505752563e-02
1.752314567565917969e-01
2.099693119525909424e-01
-1.295601576566696167e-01
8.090987801551818848e-02
-4.264377802610397339e-02
8.788514137268066406e-02
-8.059764653444290161e-02
1.615102887153625488e-01
1.636551320552825928e-02
5.516412109136581421e-02
-3.182936087250709534e-02
-7.392247766256332397e-02
7.962553948163986206e-02
1.553826779127120972e-01
1.889106631278991699e-02
1.705335825681686401e-02
1.718602925539016724e-01
-3.088386496528983116e-03
2.428389787673950195e-01
-2.225269563496112823e-02
-7.821007072925567627e-02
1.016766205430030823e-01
4.624130204319953918e-03
7.785212248563766479e-02
-2.114009298384189606e-02
-7.740770280361175537e-02
1.432962864637374878e-01
-9.312758594751358032e-02
1.946762353181838989e-01
-4.623557254672050476e-02
-2.746049463748931885e-01
2.030708938837051392e-01
1.049404516816139221e-01
-1.204096823930740356e-01
2.041951119899749756e-01
-1.349826902151107788e-02
6.806896626949310303e-02
8.482864499092102051e-02
-9.248932451009750366e-02
5.268121883273124695e-02
-1.588246226310729980e-01
6.883363425731658936e-02
-6.376488599926233292e-03
-1.296860277652740479e-01
4.074216634035110474e-02
1.125431507825851440e-01
1.841212213039398193e-01
2.627148060128092766e-04
8.111458271741867065e-02
8.407780528068542480e-02
1.990620344877243042e-01
2.161698788404464722e-01
-9.239431470632553101e-02
8.565564453601837158e-02
-1.332505792379379272e-01
-2.376536838710308075e-02
9.815235435962677002e-02
-1.224872563034296036e-02
1.690393313765525818e-02
9.415294229984283447e-02
-1.201876774430274963e-01
2.509928643703460693e-01
1.360305696725845337e-01
-6.713752448558807373e-02
-2.034814059734344482e-01
5.486757680773735046e-02
6.654827296733856201e-02
-1.280886828899383545e-01
-1.673107594251632690e-01
-2.423648349940776825e-02
-4.543100483715534210e-03
5.636344477534294128e-02
5.396770313382148743e-02
4.210023209452629089e-02
3.815060108900070190e-02
-1.083548888564109802e-01
-7.406352460384368896e-02
1.159506589174270630e-01
8.361070416867733002e-03
-1.292939931154251099e-01
1.245071068406105042e-01
-6.135113909840583801e-02
-1.707275956869125366e-01
2.527702152729034424e-01
1.622153446078300476e-02
-4.077816382050514221e-03
2.988899126648902893e-02
