-9.328867495059967041e-02
-9.078958071768283844e-03
2.930319905281066895e-01
2.194111347198486328e-01
-1.314741000533103943e-02
-8.193001151084899902e-02
-2.799360267817974091e-02
-1.405293196439743042e-01
-3.856155648827552795e-02
2.079019322991371155e-02
-1.023411750793457031e-01
3.478392958641052246e-02
-1.060822829604148865e-01
1.284673959016799927e-01
-3.457985445857048035e-02
5.510783940553665161e-02
7.302712649106979370e-02
4.896952956914901733e-02
6.815908849239349365e-02
-5.382804945111274719e-02
-1.474931687116622925e-01
1.268566101789474487e-01
-8.429697155952453613e-02
-7.040749303996562958e-03
-1.067453101277351379e-01
-1.065634414553642273e-01
-9.403066337108612061e-02
2.697606943547725677e-02
-8.332856744527816772e-02
7.856134325265884399e-02
-1.369441598653793335e-01
-2.087212949991226196e-01
7.283163815736770630e-02
1.524344086647033691e-01
-2.379886507987976074e-01
-7.639896869659423828e-02
-8.578285574913024902e-02
-2.620673477649688721e-01
1.599618941545486450e-01
3.953400999307632446e-02
5.084602162241935730e-02
1.023546326905488968e-02
-1.758013218641281128e-01
-2.447162941098213196e-02
1.327698677778244019e-01
1.892490833997726440e-01
2.675821632146835327e-02
9.625212103128433228e-02
7.386000454425811768e-02
1.842322945594787598e-01
6.998939439654350281e-03
3.742992877960205078e-02
2.688605189323425293e-01
-1.727892830967903137e-02
-3.679117187857627869e-02
-1.180295180529356003e-02
1.975995302200317383e-01
1.426551938056945801e-01
-7.169097661972045898e-02
-1.372014079242944717e-02
3.756497055292129517e-02
1.699064373970031738e-01
2.736954018473625183e-02
-1.847753077745437622e-01
-1.242884993553161621e-02
2.292913012206554413e-02
1.235392838716506958e-01
3.727987781167030334e-02
-5.956706032156944275e-02
-3.651476278901100159e-02
4.668636992573738098e-02
-5.827203765511512756e-02
1.177617907524108887e-01
1.072885394096374512e-01
-1.126974374055862427e-01
-1.365035213530063629e-02
1.342192143201828003e-01
-4.187395796179771423e-02
5.396070331335067749e-02
-3.304325044155120850e-02
-2.982664667069911957e-02
-2.594999223947525024e-02
1.576624363660812378e-01
2.085858434438705444e-01
1.570820510387420654e-01
1.596932560205459595e-01
1.013362482190132141e-01
-5.560652166604995728e-02
3.870458900928497314e-02
9.267041832208633423e-02
-3.568805009126663208e-02
8.962490595877170563e-03
1.537982076406478882e-01
9.118138998746871948e-02
-9.553758800029754639e-02
6.392667442560195923e-02
6.206750497221946716e-02
-5.177299305796623230e-02
1.195796057581901550e-01
-4.798156023025512695e-02
2.446500808000564575e-01
-1.314742118120193481e-02
1.533684320747852325e-02
-5.653467960655689240e-04
1.690667122602462769e-01
1.173635851591825485e-02
-7.118296623229980469e-02
2.222255319356918335e-01
-4.457920789718627930e-02
6.592615693807601929e-02
2.738065645098686218e-02
-8.886716514825820923e-02
-2.108034677803516388e-04
-3.841726481914520264e-02
3.470934554934501648e-02
-1.423778533935546875e-01
1.703667044639587402e-01
-1.230938807129859924e-01
-7.441233098506927490e-02
1.070064529776573181e-01
1.154132038354873657e-01
-3.504997864365577698e-02
3.047237358987331390e-02
1.539111882448196411e-01
1.713333278894424438e-01
3.618381917476654053e-02
1.275277286767959595e-01
3.015008270740509033e-01
1.758944094181060791e-01
-8.459017612040042877e-03
-4.612908512353897095e-02
-5.915351584553718567e-02
2.021804004907608032e-01
-4.173210635781288147e-02
7.330188155174255371e-02
2.597016841173171997e-02
-1.819020211696624756e-01
-4.083783924579620361e-02
7.911173626780509949e-03
9.665822982788085938e-02
5.391225218772888184e-02
2.253087311983108521e-01
6.891724467277526855e-02
-4.857609421014785767e-02
-8.649676106870174408e-03
1.970245875418186188e-02
-2.478239499032497406e-02
6.307105720043182373e-02
-8.478250354528427124e-02
4.812762886285781860e-02
1.086733490228652954e-01
1.385416835546493530e-01
1.575866043567657471e-01
1.940540820360183716e-01
-1.015786007046699524e-01
1.311868429183959961e-01
1.515571326017379761e-01
9.312468022108078003e-02
1.869101822376251221e-01
-7.746438682079315186e-02
-1.189054474234580994e-01
1.304371803998947144e-01
-1.351466625928878784e-01
-4.860265552997589111e-02
-1.182020902633666992e-01
6.370997428894042969e-02
1.613742262125015259e-01
1.723662763833999634e-01
1.266674101352691650e-01
-5.596540495753288269e-02
1.043568849563598633e-01
-9.131382405757904053e-02
-9.183960966765880585e-03
2.250715494155883789e-01
3.208198770880699158e-02
-1.447314471006393433e-01
1.155087873339653015e-01
4.055554419755935669e-02
1.391118764877319336e-01
-3.466385230422019958e-02
