-1.497425138950347900e-02
2.123652696609497070e-01
8.326865732669830322e-02
7.494388520717620850e-02
-6.099276989698410034e-02
4.634851217269897461e-02
1.636668690480291843e-03
-1.138076535426080227e-03
1.063657477498054504e-01
-5.485020950436592102e-02
6.774459779262542725e-02
1.717347502708435059e-01
-5.778199434280395508e-02
4.065236821770668030e-02
1.399700436741113663e-02
-1.927409619092941284e-01
1.095352545380592346e-01
1.762373447418212891e-01
-1.872705370187759399e-01
-1.876716315746307373e-02
-6.105528399348258972e-02
6.684853136539459229e-02
-7.123347371816635132e-02
1.531168073415756226e-01
1.094706356525421143e-01
-3.293993696570396423e-02
-8.256618864834308624e-03
4.638739302754402161e-02
-1.930628120899200439e-01
2.981285750865936279e-02
9.617027640342712402e-02
-1.572701334953308105e-01
-5.978005379438400269e-02
1.827957481145858765e-01
1.581414192914962769e-01
6.994943320751190186e-02
1.229223608970642090e-01
1.311085373163223267e-01
-1.986586488783359528e-03
-2.769808657467365265e-02
-2.075190395116806030e-01
7.017491757869720459e-02
-1.599589586257934570e-01
2.469359338283538818e-02
8.801592141389846802e-02
1.515245139598846436e-01
1.954148411750793457e-01
-1.729008108377456665e-01
2.688097022473812103e-02
-5.345066264271736145e-02
-6.389003247022628784e-03
1.013692617416381836e-01
-6.860496848821640015e-02
1.453107148408889771e-01
1.915043592453002930e-01
-2.086521126329898834e-02
1.934428662061691284e-01
-3.084263764321804047e-02
6.306660920381546021e-02
9.387918561697006226e-02
1.059164702892303467e-01
2.162478677928447723e-02
-1.967979669570922852e-01
-3.966944292187690735e-02
-4.428188130259513855e-02
1.844153106212615967e-01
2.619410678744316101e-02
2.400954961776733398e-01
-1.037727296352386475e-01
1.662750989198684692e-01
1.585067212581634521e-01
5.974493548274040222e-02
-8.600608259439468384e-02
-7.541979104280471802e-02
1.872467547655105591e-01
5.542295426130294800e-02
-8.709251135587692261e-02
-1.584142595529556274e-01
2.075981348752975464e-02
1.213865801692008972e-01
-3.735833615064620972e-02
4.532941617071628571e-03
-6.129521131515502930e-02
1.991116814315319061e-02
-6.548793613910675049e-02
-1.946467310190200806e-01
1.194983161985874176e-02
6.536896526813507080e-02
1.038250699639320374e-01
6.522410362958908081e-02
1.307442635297775269e-01
3.210247457027435303e-01
-9.881351888179779053e-02
1.088560000061988831e-01
-1.070218086242675781e-01
-4.359807074069976807e-02
-6.331322342157363892e-02
3.882736340165138245e-02
-2.657417953014373779e-02
-1.424058526754379272e-01
-3.113594651222229004e-01
-2.621190249919891357e-01
-6.165510043501853943e-02
6.344980001449584961e-02
7.194741815328598022e-02
-5.784068256616592407e-02
-3.893214464187622070e-02
4.398159310221672058e-02
-5.744118243455886841e-02
2.846295386552810669e-02
2.295478582382202148e-01
8.105820417404174805e-02
-1.239293441176414490e-01
-2.230956964194774628e-02
3.309878055006265640e-03
1.312555931508541107e-02
1.253942251205444336e-01
6.297216564416885376e-02
9.283784776926040649e-02
-6.190604344010353088e-02
-1.064988318830728531e-02
-6.086844485253095627e-03
-1.233330294489860535e-01
-1.104423403739929199e-01
4.783793911337852478e-02
9.234602004289627075e-02
8.542419224977493286e-02
-8.266864344477653503e-03
7.358329743146896362e-02
1.575991162098944187e-03
1.541379839181900024e-01
-4.772522300481796265e-02
-1.738751865923404694e-02
8.798744529485702515e-02
-3.807180374860763550e-02
-2.003924921154975891e-03
7.301005721092224121e-02
1.455630660057067871e-01
1.146113574504852295e-01
-2.328061126172542572e-02
2.504329197108745575e-03
-1.020213812589645386e-01
1.563154309988021851e-01
-1.481176465749740601e-01
1.610690057277679443e-01
-5.719506368041038513e-02
1.394008547067642212e-01
4.372847825288772583e-02
7.406687736511230469e-02
-1.312024146318435669e-01
1.553250700235366821e-01
2.390662208199501038e-02
2.967343293130397797e-02
-5.481504648923873901e-02
-1.684189438819885254e-01
1.450710147619247437e-01
-2.847926914691925049e-01
1.825271610869094729e-04
1.811030805110931396e-01
3.808371350169181824e-02
3.716252744197845459e-02
-6.557433307170867920e-02
6.301222741603851318e-02
8.429455012083053589e-02
1.329557150602340698e-01
-1.337355077266693115e-01
7.764558494091033936e-02
-9.658263623714447021e-02
2.400552108883857727e-02
-1.886397153139114380e-01
-1.946396380662918091e-01
1.255482584238052368e-01
1.245138272643089294e-01
-7.367947697639465332e-02
-9.648749977350234985e-02
-3.056631237268447876e-02
8.232517540454864502e-02
-7.457019388675689697e-02
1.686286032199859619e-01
7.124052196741104126e-02
-1.032922044396400452e-01
-7.097002118825912476e-02
-3.611358627676963806e-02
-8.135896176099777222e-02
-2.754688262939453125e-03
8.624783158302307129e-02
2.455301024019718170e-02
-8.484215289354324341e-02
1.189693436026573181e-01
1.382071990519762039e-02
2.162962853908538818e-01
-9.483528137207031250e-02
-1.168324276804924011e-01
1.300809234380722046e-01
-1.612603664398193359e-01
3.707922995090484619e-02
3.889457136392593384e-02
-1.639274209737777710e-01
-1.056886017322540283e-01
1.840633302927017212e-01
