6.141234561800956726e-02
1.606760174036026001e-01
-7.090652734041213989e-02
-9.258545935153961182e-02
-2.319617941975593567e-02
1.089858822524547577e-03
4.450097307562828064e-02
1.923492178320884705e-02
4.743328317999839783e-03
-2.652619220316410065e-02
4.403886850923299789e-03
3.841650485992431641e-02
-1.846023648977279663e-02
-3.793778643012046814e-02
-9.489834308624267578e-02
5.253642052412033081e-02
-1.264111232012510300e-02
-1.273680031299591064e-01
-1.307362318038940430e-01
-3.658547764644026756e-03
-3.276823833584785461e-02
1.387887895107269287e-01
-1.954779177904129028e-01
7.257139682769775391e-02
1.114599853754043579e-01
4.564724490046501160e-02
9.859476704150438309e-04
2.644157707691192627e-01
-1.151168569922447205e-01
-2.467783633619546890e-03
1.256535388529300690e-02
-1.865180432796478271e-01
-4.599908739328384399e-02
-4.610789939761161804e-02
-5.316532333381474018e-04
-1.030222252011299133e-01
1.898746937513351440e-01
8.668118715286254883e-02
-6.119254603981971741e-02
1.641048043966293335e-01
5.366151034832000732e-02
3.472919017076492310e-02
-2.314006239175796509e-01
-1.786460541188716888e-02
1.828139997087419033e-03
8.464405685663223267e-02
7.989858277142047882e-03
1.140002384781837463e-01
-5.770208314061164856e-02
1.403242498636245728e-01
-6.804034858942031860e-02
7.114492356777191162e-02
4.235082119703292847e-02
-1.350621432065963745e-01
-3.401525318622589111e-02
-4.561957344412803650e-02
1.053879484534263611e-01
-2.202074788510799408e-02
9.119546413421630859e-02
1.715871989727020264e-01
2.318443171679973602e-02
-2.013621777296066284e-01
-8.536603301763534546e-02
3.254592791199684143e-02
2.495619058609008789e-01
-1.016796678304672241e-01
1.383184175938367844e-02
4.187268391251564026e-02
-1.076875403523445129e-01
-1.753729134798049927e-01
3.094543516635894775e-02
-1.081587076187133789e-01
9.927318245172500610e-02
1.497161537408828735e-01
-1.157502606511116028e-01
1.346410363912582397e-01
-1.062434613704681396e-01
-1.258541345596313477e-01
-1.468926519155502319e-01
8.172300457954406738e-02
-6.948731094598770142e-02
-4.171577095985412598e-02
1.090224012732505798e-01
-9.456236660480499268e-02
5.203307047486305237e-02
1.188170686364173889e-01
1.238593161106109619e-01
4.046597518026828766e-03
3.278638124465942383e-01
-4.402763396501541138e-02
2.792648971080780029e-02
-9.289129078388214111e-02
5.688465014100074768e-02
2.231353893876075745e-02
-3.213238716125488281e-02
-1.364535987377166748e-01
-4.976782575249671936e-02
-4.395771399140357971e-02
-1.849230229854583740e-01
1.215216144919395447e-01
-1.133242249488830566e-02
4.126412421464920044e-02
-4.464190080761909485e-02
1.607182063162326813e-02
-1.321101784706115723e-01
-2.480319440364837646e-01
9.374334663152694702e-02
-3.519422933459281921e-02
1.251304596662521362e-01
-1.385469455271959305e-02
1.809328198432922363e-01
2.693346440792083740e-01
-1.007058396935462952e-01
1.791014373302459717e-01
-6.795313954353332520e-02
7.492546737194061279e-02
-1.972070708870887756e-02
1.443154811859130859e-01
-7.306071370840072632e-02
3.527791053056716919e-02
-8.016706258058547974e-02
-3.224193677306175232e-02
-1.165767433121800423e-03
5.040678381919860840e-02
2.095910906791687012e-02
-1.112103164196014404e-01
-1.256882101297378540e-01
-7.079899660311639309e-04
-6.849493086338043213e-02
-3.455312922596931458e-02
8.367308229207992554e-02
-1.757383719086647034e-02
-9.443876892328262329e-02
9.313736110925674438e-02
2.066076546907424927e-02
1.086659803986549377e-01
-2.784628234803676605e-02
5.671953409910202026e-02
-7.295727729797363281e-02
-1.338171306997537613e-02
-1.024054363369941711e-01
3.836651146411895752e-02
-5.954547226428985596e-02
8.451759815216064453e-02
-5.819423589855432510e-03
3.966414369642734528e-03
-9.772021323442459106e-03
7.417696714401245117e-02
1.594641059637069702e-01
8.368011564016342163e-02
-9.232609532773494720e-03
-9.978350251913070679e-02
2.328535541892051697e-02
-5.825350806117057800e-02
-1.318631917238235474e-01
-9.145020693540573120e-02
-6.305320560932159424e-02
2.913494408130645752e-02
-3.786324337124824524e-02
9.909223020076751709e-02
-1.854017674922943115e-01
5.793290957808494568e-02
7.099908310920000076e-03
1.033550724387168884e-01
4.559491295367479324e-03
3.153406679630279541e-01
-6.627877056598663330e-02
-9.109213948249816895e-02
-8.672957867383956909e-02
2.129629403352737427e-01
-1.856888830661773682e-01
1.732557415962219238e-01
-1.736281812191009521e-01
2.972228266298770905e-02
-1.070762500166893005e-01
5.004165694117546082e-02
1.634891889989376068e-02
2.389872819185256958e-01
-5.190400406718254089e-02
2.118202857673168182e-02
-1.274330317974090576e-01
-1.417370438575744629e-01
1.177835911512374878e-01
-1.187195852398872375e-01
-4.231701605021953583e-03
9.837704896926879883e-02
1.078939810395240784e-01
-7.480076700448989868e-02
-2.212719768285751343e-01
3.631703555583953857e-02
-4.393125697970390320e-02
1.665188930928707123e-02
1.354245841503143311e-01
-3.727803006768226624e-02
-1.364904493093490601e-01
5.352854495868086815e-04
-4.064223263412714005e-03
5.297986418008804321e-02
8.340802788734436035e-02
2.079935818910598755e-01
