1.186717953532934189e-02
-4.019459243863821030e-03
5.399781279265880585e-03
-1.565379798412322998e-01
-6.906596012413501740e-03
-4.618970677256584167e-02
-4.526529833674430847e-02
-1.398987043648958206e-02
-1.103190705180168152e-01
-4.322005063295364380e-02
9.895579516887664795e-02
-2.018837258219718933e-02
5.457982793450355530e-02
-1.152815669775009155e-01
-7.327900826930999756e-02
-5.856241285800933838e-02
-6.561088562011718750e-02
-6.214094907045364380e-02
5.632978305220603943e-02
-1.711564958095550537e-01
-6.058198399841785431e-03
-9.602809324860572815e-03
-1.286328881978988647e-01
9.413480013608932495e-02
-2.276672422885894775e-02
-5.032669007778167725e-02
1.073766574263572693e-01
-8.080508559942245483e-02
1.025726124644279480e-01
3.350096195936203003e-02
-2.546322531998157501e-02
-2.235782593488693237e-01
9.087299555540084839e-02
-2.232579700648784637e-02
-9.276212751865386963e-02
-1.506484299898147583e-01
-5.024660751223564148e-02
-2.154359780251979828e-02
-2.476131170988082886e-02
8.026754111051559448e-02
4.113620379939675331e-04
-5.009531229734420776e-02
-9.476490318775177002e-02
-1.021343376487493515e-02
1.727776415646076202e-02
-3.770262375473976135e-02
-2.229522541165351868e-02
4.077659174799919128e-02
-2.819900214672088623e-02
4.404811561107635498e-02
6.922828406095504761e-02
5.096723139286041260e-02
-1.988604068756103516e-01
1.053833737969398499e-01
9.779632091522216797e-04
1.980202049016952515e-01
-5.539121478796005249e-02
-4.809656366705894470e-02
-1.324224770069122314e-01
3.148205280303955078e-01
-6.481323391199111938e-02
-5.703013762831687927e-02
-1.139029338955879211e-01
1.803251653909683228e-01
-1.107197403907775879e-01
-1.135564967989921570e-01
2.431821227073669434e-01
4.552586376667022705e-02
3.242859989404678345e-02
3.666009381413459778e-02
4.012027010321617126e-02
1.542597711086273193e-01
-1.120144575834274292e-01
-9.791362285614013672e-02
1.530361473560333252e-01
1.277758181095123291e-02
-5.228080227971076965e-02
-2.379014492034912109e-01
1.213773265480995178e-01
-1.235400065779685974e-01
-1.651381142437458038e-03
-1.362939774990081787e-01
-7.922148797661066055e-04
1.339655835181474686e-02
-5.769782140851020813e-02
-2.391267381608486176e-02
-1.611911356449127197e-01
2.546409331262111664e-02
-1.131676435470581055e-01
-7.128620147705078125e-02
1.392419636249542236e-01
-1.865224242210388184e-01
5.877515673637390137e-02
8.281254768371582031e-02
2.605895325541496277e-02
-1.309518963098526001e-01
7.455885410308837891e-02
-4.548880830407142639e-02
2.090470492839813232e-01
3.841731324791908264e-02
4.381178319454193115e-02
1.565589606761932373e-01
-3.439429029822349548e-02
-1.647537946701049805e-01
-4.188458994030952454e-02
-6.653364002704620361e-02
1.642686128616333008e-01
-1.088503301143646240e-01
-3.450778499245643616e-02
1.184791475534439087e-01
1.492409314960241318e-02
9.178861975669860840e-03
-5.844781175255775452e-02
-4.982143640518188477e-03
6.486279517412185669e-02
-2.075754664838314056e-02
1.571943238377571106e-02
1.026204824447631836e-01
-5.476525425910949707e-02
8.527656644582748413e-02
-9.766339510679244995e-02
-5.532947555184364319e-02
1.157946735620498657e-01
4.838220402598381042e-02
8.825894445180892944e-02
3.407324105501174927e-02
5.554640665650367737e-02
1.353689432144165039e-01
-4.156233742833137512e-02
-4.071513190865516663e-02
-9.619130194187164307e-02
7.585037499666213989e-03
-1.653323322534561157e-01
3.000332415103912354e-02
1.923871189355850220e-01
2.175126969814300537e-01
1.494227908551692963e-02
-2.583300881087779999e-02
7.134693861007690430e-02
3.679723292589187622e-02
-2.335214801132678986e-02
-2.646306343376636505e-02
-1.441161781549453735e-01
-1.385624110698699951e-01
-1.031157467514276505e-02
4.884683713316917419e-02
-6.314101070165634155e-02
-1.294191181659698486e-01
-5.284159258008003235e-02
-1.206811890006065369e-01
-4.931993782520294189e-02
-1.445528417825698853e-01
-1.007918566465377808e-01
-2.231567800045013428e-01
-3.615039214491844177e-02
7.571121305227279663e-02
-1.598373800516128540e-01
7.981781661510467529e-02
1.190184801816940308e-01
3.983068838715553284e-02
-2.855736017227172852e-02
1.344245392829179764e-02
-7.741337269544601440e-02
-2.109439857304096222e-02
5.360583961009979248e-02
1.927096396684646606e-02
-9.814408607780933380e-03
-7.111107558012008667e-02
-8.320730179548263550e-03
-1.388946622610092163e-01
-1.854171454906463623e-01
-3.248479217290878296e-02
-1.408457010984420776e-01
5.194875597953796387e-02
5.629454553127288818e-02
-1.182907493785023689e-03
-6.545193493366241455e-02
9.190645068883895874e-02
2.912859059870243073e-02
3.589138388633728027e-02
1.255965977907180786e-01
4.177581053227186203e-03
3.967445716261863708e-02
-7.122249901294708252e-02
-7.057435065507888794e-02
1.088969502598047256e-02
-1.185743231326341629e-02
-3.181887790560722351e-02
-1.541118510067462921e-02
1.233519166707992554e-01
1.064654216170310974e-01
-9.196548908948898315e-02
-7.286442816257476807e-02
-5.566187202930450439e-02
-1.280315518379211426e-01
1.527394503355026245e-01
-3.899833559989929199e-02
4.398970678448677063e-02
1.160184741020202637e-01
-1.306293010711669922e-01
-6.018890440464019775e-02
