2.572152912616729736e-01
9.657198190689086914e-02
-6.075908616185188293e-02
9.281320869922637939e-02
-6.988118588924407959e-02
1.231831312179565430e-01
1.658840477466583252e-01
-2.237028442323207855e-03
-7.570399343967437744e-02
-1.295092143118381500e-02
8.717925101518630981e-02
1.267096549272537231e-01
-1.184453889727592468e-01
2.378785461187362671e-01
1.076894998550415039e-01
3.162807524204254150e-01
6.927542388439178467e-02
-1.115941628813743591e-01
4.739282652735710144e-02
2.141893655061721802e-01
1.707445234060287476e-01
1.925213187932968140e-01
6.095252186059951782e-02
8.801453560590744019e-02
2.989242076873779297e-01
-2.249657362699508667e-01
8.952073007822036743e-02
-5.194377154111862183e-03
2.394500970840454102e-01
-2.477603964507579803e-03
-1.014947239309549332e-02
2.265477031469345093e-01
-8.580710738897323608e-03
1.538780480623245239e-01
-1.541657447814941406e-01
-1.788256317377090454e-01
-4.305892065167427063e-02
-1.590081006288528442e-01
1.903437227010726929e-01
-9.111006557941436768e-02
1.796253621578216553e-01
-1.659640483558177948e-02
4.589341953396797180e-02
2.194674313068389893e-01
-8.789622783660888672e-02
1.076113656163215637e-01
-1.078348532319068909e-01
4.998774826526641846e-02
2.027034461498260498e-01
2.501768991351127625e-02
-1.854803040623664856e-02
-1.124158874154090881e-01
9.606727212667465210e-02
1.182209700345993042e-01
1.024559289216995239e-01
-7.776714116334915161e-02
1.782195717096328735e-01
5.219431594014167786e-02
2.024534642696380615e-01
-6.871134042739868164e-02
